Belegnummer;Buchungstext;Buchungsbetrag;MwSt;Sollkonto;Habenkonto;Belegdatum;Währung;Kostenstelle;Re_Nr
40001;40001;3;7;50003;4301;01.01.70;EUR;2000;200700002
40003;40003;11;7;50003;4301;01.01.70;EUR;2000;200700003
40004;40004;5.5;7;50003;4301;01.01.70;EUR;2000;0
40005;40005;5.5;7;50003;4301;01.01.70;EUR;2000;0
40011;40011;6;7;50003;4301;01.01.70;EUR;2000;201200079
40012;40012;35.5;19;50003;4401;01.01.70;EUR;2000;200700012
40012;40012;32;7;50003;4301;01.01.70;EUR;2000;200700012
40013;40013;43.5;7;50003;4301;01.01.70;EUR;2000;200700007
40014;40014;2.5;19;50003;4401;01.01.70;EUR;2000;200700011
40014;40014;24;7;50003;4301;01.01.70;EUR;2000;200700011
40015;40015;52.25;7;50000;4301;01.01.70;EUR;2000;201200160
40016;40016;15;7;50003;4301;01.01.70;EUR;2000;200700004
40018;40018;31;7;50003;4301;01.01.70;EUR;2000;200700006
40019;40019;30;7;50003;4301;01.01.70;EUR;2000;200700008
40020;40020;3;7;50001;4301;01.01.70;EUR;2000;200700010
40021;40021;12;7;50003;4301;01.01.70;EUR;2000;200700005
40022;40022;65.1;7;50001;4301;01.01.70;EUR;2000;201200056
40024;40024;25;7;50003;4301;01.01.70;EUR;2000;200700009
40025;40025;43;7;50001;4301;01.01.70;EUR;2000;201200055
40026;40026;3.5;19;50000;4401;01.01.70;EUR;2000;201200054
40026;40026;41.2;7;50000;4301;01.01.70;EUR;2000;201200054
40027;40027;5.5;7;50003;4301;01.01.70;EUR;2000;201200053
40029;40029;5.5;7;50003;4301;01.01.70;EUR;2000;201200052
40030;40030;12;7;50000;4301;01.01.70;EUR;2000;201200003
40031;40031;3.5;7;50003;4301;01.01.70;EUR;2000;201200051
40032;40032;79.75;7;50000;4301;01.01.70;EUR;2000;201200050
40033;40033;6;7;50001;4301;01.01.70;EUR;2000;201200049
40064;40064;29;7;50000;4301;01.01.70;EUR;2000;201200031
40065;40065;9;7;50001;4301;01.01.70;EUR;2000;200700015
40066;40066;28.5;7;50001;4301;01.01.70;EUR;2000;201200030
40069;40069;6;19;50000;4401;01.01.70;EUR;2000;201200007
40069;40069;12.5;7;50000;4301;01.01.70;EUR;2000;201200007
40070;40070;42;7;50001;4301;01.01.70;EUR;2000;0
40071;40071;3;7;50001;4301;01.01.70;EUR;2000;0
40072;40072;3;7;50003;4301;01.01.70;EUR;2000;201200004
40075;40075;30.8;7;50003;4301;01.01.70;EUR;2000;201200027
40076;40076;20;7;50003;4301;01.01.70;EUR;2000;201200026
40077;40077;40.35;7;50001;4301;01.01.70;EUR;2000;201200025
40078;40078;12;7;50001;4301;01.01.70;EUR;2000;201200024
40079;40079;76.5;7;50003;4301;01.01.70;EUR;2000;201200023
40080;40080;15;7;50003;4301;01.01.70;EUR;2000;201200002
40082;40082;12;7;50001;4301;01.01.70;EUR;2000;201200022
40083;40083;43.25;7;50003;4301;01.01.70;EUR;2000;201200021
40084;40084;58.2;7;50003;4301;01.01.70;EUR;2000;201200020
40085;40085;60.5;7;50003;4301;01.01.70;EUR;2000;201200367
40086;40086;8.5;19;50003;4401;01.01.70;EUR;2000;201200019
40086;40086;89.1;7;50003;4301;01.01.70;EUR;2000;201200019
40087;40087;24;7;50001;4301;01.01.70;EUR;2000;0
40088;40088;9;7;50001;4301;01.01.70;EUR;2000;0
40089;40089;6.5;7;50000;4301;01.01.70;EUR;2000;201200116
40091;40091;6;7;50001;4301;01.01.70;EUR;2000;0
40092;40092;94;7;50001;4301;01.01.70;EUR;2000;0
40093;40093;6;7;50001;4301;01.01.70;EUR;2000;0
40094;40094;6;19;50003;4401;01.01.70;EUR;2000;0
40094;40094;9.5;7;50003;4301;01.01.70;EUR;2000;0
40095;40095;3;7;50003;4301;01.01.70;EUR;2000;0
40096;40096;40;7;50001;4301;01.01.70;EUR;2000;0
40097;40097;3;7;50001;4301;01.01.70;EUR;2000;0
40099;40099;23.5;7;50003;4301;01.01.70;EUR;2000;201200017
40100;40100;14;7;50000;4301;01.01.70;EUR;2000;201200016
40101;40101;3;7;50000;4301;01.01.70;EUR;2000;201200084
40102;40102;8;19;50003;4401;01.01.70;EUR;2000;201200005
40102;40102;16;7;50003;4301;01.01.70;EUR;2000;201200005
40103;40103;46.75;7;50000;4301;01.01.70;EUR;2000;201200080
40104;40104;25.2;7;50000;4301;01.01.70;EUR;2000;201200061
40107;40107;23.5;7;50000;4301;01.01.70;EUR;2000;201200100
40108;40108;62.7;7;50003;4301;01.01.70;EUR;2000;201200015
40110;40110;25;7;50001;4301;01.01.70;EUR;2000;201200013
40111;40111;4;7;50000;4301;01.01.70;EUR;2000;201200058
40112;40112;16;7;50000;4301;01.01.70;EUR;2000;201200144
40113;40113;10.5;19;50000;4401;01.01.70;EUR;2000;201200109
40113;40113;65.2;7;50000;4301;01.01.70;EUR;2000;201200109
40114;40114;8.5;19;50001;4401;01.01.70;EUR;2000;201200119
40114;40114;104.5;7;50001;4301;01.01.70;EUR;2000;201200119
40115;40115;9.3;19;50001;4401;01.01.70;EUR;2000;201200012
40115;40115;99.95;7;50001;4301;01.01.70;EUR;2000;201200012
40116;40116;14.5;7;50000;4301;01.01.70;EUR;2000;0
40117;40117;14.5;7;50000;4301;01.01.70;EUR;2000;0
40118;40118;12;7;50000;4301;01.01.70;EUR;2000;201200332
40119;40119;18;7;50001;4301;01.01.70;EUR;2000;201200011
40120;40120;12;7;50000;4301;01.01.70;EUR;2000;201200062
40121;40121;33;7;50001;4301;01.01.70;EUR;2000;201200010
40122;40122;122.5;19;50000;4401;01.01.70;EUR;2000;201200110
40122;40122;22.55;7;50000;4301;01.01.70;EUR;2000;201200110
40123;40123;6;19;50001;4401;01.01.70;EUR;2000;201200009
40123;40123;80;7;50001;4301;01.01.70;EUR;2000;201200009
40124;40124;85.4;7;50000;4301;01.01.70;EUR;2000;201200115
40125;40125;23.1;7;50003;4301;01.01.70;EUR;2000;201200008
40126;40126;78.7;7;50000;4301;01.01.70;EUR;2000;201200142
40127;40127;5.5;7;50000;4301;01.01.70;EUR;2000;201200059
40128;40128;6;19;50001;4401;01.01.70;EUR;2000;0
40128;40128;74.4;7;50001;4301;01.01.70;EUR;2000;0
40129;40129;5.6;7;50001;4301;01.01.70;EUR;2000;0
40134;40134;33;7;50001;4301;01.01.70;EUR;2000;201200063
40136;40136;4.8;19;50000;4401;01.01.70;EUR;2000;201200107
40136;40136;63;7;50000;4301;01.01.70;EUR;2000;201200107
40137;40137;28.55;7;50003;4301;01.01.70;EUR;2000;201200064
40138;40138;52.25;7;50001;4301;01.01.70;EUR;2000;201200065
40139;40139;50;7;50000;4301;01.01.70;EUR;2000;201200091
40141;40141;38.5;7;50000;4301;01.01.70;EUR;2000;201200097
40142;40142;36.1;7;50003;4301;01.01.70;EUR;2000;201200066
40144;40144;8.5;7;50000;4301;01.01.70;EUR;2000;201200081
40146;40146;20;7;50000;4301;01.01.70;EUR;2000;0
40147;40147;5.2;7;50000;4301;01.01.70;EUR;2000;0
40149;40149;17.5;7;50001;4301;01.01.70;EUR;2000;201200067
40151;40151;27;7;50003;4301;01.01.70;EUR;2000;201200068
40154;40154;32.5;7;50003;4301;01.01.70;EUR;2000;201200071
40155;40155;57;7;50000;4301;01.01.70;EUR;2000;201200103
40156;40156;44.25;7;50001;4301;01.01.70;EUR;2000;201200072
40157;40157;11;7;50003;4301;01.01.70;EUR;2000;201200073
40158;40158;24.5;7;50003;4301;01.01.70;EUR;2000;201200074
40159;40159;46.75;7;50000;4301;01.01.70;EUR;2000;201200090
40160;40160;54.8;7;50003;4301;01.01.70;EUR;2000;201200075
40161;40161;49.85;7;50003;4301;01.01.70;EUR;2000;201200076
40162;40162;15;7;50000;4301;01.01.70;EUR;2000;201200092
40164;40164;65.5;7;50003;4301;01.01.70;EUR;2000;201200078
40165;40165;65.1;7;50000;4301;01.01.70;EUR;2000;201200108
40166;40166;33.5;7;50000;4301;01.01.70;EUR;2000;201200105
40167;40167;87.5;7;50000;4301;01.01.70;EUR;2000;201200098
40169;40169;21;7;50003;4301;01.01.70;EUR;2000;201200082
40170;40170;68.05;7;50000;4301;01.01.70;EUR;2000;201200114
40171;40171;5.5;7;50000;4301;01.01.70;EUR;2000;201200104
40172;40172;9.3;19;50001;4401;01.01.70;EUR;2000;0
40172;40172;96.95;7;50001;4301;01.01.70;EUR;2000;0
40173;40173;3;7;50001;4301;01.01.70;EUR;2000;0
40174;40174;20;7;50001;4301;01.01.70;EUR;2000;201200085
40175;40175;52;19;50000;4401;01.01.70;EUR;2000;201200093
40176;40176;119.65;7;50001;4301;01.01.70;EUR;2000;201200086
40177;40177;36;7;50001;4301;01.01.70;EUR;2000;201200087
40178;40178;12;7;50001;4301;01.01.70;EUR;2000;201200088
40179;40179;53;7;50000;4301;01.01.70;EUR;2000;201200117
40180;40180;15;7;50001;4301;01.01.70;EUR;2000;201200089
40181;40181;27;7;50000;4301;01.01.70;EUR;2000;201200140
40182;40182;158.6;7;50000;4301;01.01.70;EUR;2000;201200111
40183;40183;19.5;7;50001;4301;01.01.70;EUR;2000;201200094
40184;40184;18;7;50001;4301;01.01.70;EUR;2000;201200095
40185;40185;65.65;7;50001;4301;01.01.70;EUR;2000;201200101
40186;40186;12;7;50001;4301;01.01.70;EUR;2000;201200102
40187;40187;26.5;7;50000;4301;01.01.70;EUR;2000;0
40188;40188;12;7;50000;4301;01.01.70;EUR;2000;0
40189;40189;16.5;7;50001;4301;01.01.70;EUR;2000;0
40190;40190;3;7;50001;4301;01.01.70;EUR;2000;0
40191;40191;6;7;50003;4301;01.01.70;EUR;2000;201200113
40192;40192;6.5;19;50001;4401;01.01.70;EUR;2000;201200162
40192;40192;21;7;50001;4301;01.01.70;EUR;2000;201200162
40193;40193;33.5;7;50000;4301;01.01.70;EUR;2000;201200156
40194;40194;12.5;19;50000;4401;01.01.70;EUR;2000;201200118
40194;40194;44;7;50000;4301;01.01.70;EUR;2000;201200118
40195;40195;33.25;7;50000;4301;01.01.70;EUR;2000;201200143
40199;40199;15;7;50003;4301;01.01.70;EUR;2000;201200120
40200;40200;35;7;50000;4301;01.01.70;EUR;2000;201200121
40201;40201;7.5;19;50001;4401;01.01.70;EUR;2000;201200122
40201;40201;19.35;7;50001;4301;01.01.70;EUR;2000;201200122
40202;40202;24.2;7;50003;4301;01.01.70;EUR;2000;201200123
40203;40203;27;7;50001;4301;01.01.70;EUR;2000;201200124
40204;40204;68.5;7;50000;4301;01.01.70;EUR;2000;201200199
40205;40205;82;7;50003;4301;01.01.70;EUR;2000;201200125
40206;40206;30;7;50000;4301;01.01.70;EUR;2000;201200151
40207;40207;5.55;19;50000;4401;01.01.70;EUR;2000;201200342
40210;40210;27;7;50001;4301;01.01.70;EUR;2000;201200126
40211;40211;9;7;50000;4301;01.01.70;EUR;2000;201200161
40212;40212;43;7;50000;4301;01.01.70;EUR;2000;201200174
40213;40213;8;7;50001;4301;01.01.70;EUR;2000;201200127
40214;40214;19.75;7;50001;4301;01.01.70;EUR;2000;201200128
40215;40215;23.95;7;50001;4301;01.01.70;EUR;2000;201200129
40216;40216;65.15;7;50001;4301;01.01.70;EUR;2000;201200130
40217;40217;6;19;50000;4401;01.01.70;EUR;2000;201200326
40217;40217;47.4;7;50000;4301;01.01.70;EUR;2000;201200326
40218;40218;3;7;50001;4301;01.01.70;EUR;2000;201200131
40220;40220;9;7;50000;4301;01.01.70;EUR;2000;201200157
40221;40221;40;7;50003;4301;01.01.70;EUR;2000;201200132
40222;40222;16.5;7;50000;4301;01.01.70;EUR;2000;201200159
40223;40223;36;7;50001;4301;01.01.70;EUR;2000;201200133
40226;40226;19.5;19;50000;4401;01.01.70;EUR;2000;201200158
40226;40226;25;7;50000;4301;01.01.70;EUR;2000;201200158
40227;40227;77.8;7;50000;4301;01.01.70;EUR;2000;201200134
40228;40228;3;7;50001;4301;01.01.70;EUR;2000;201200135
40230;40230;6;19;50001;4401;01.01.70;EUR;2000;201200136
40231;40231;190.15;7;50001;4301;01.01.70;EUR;2000;201200137
40232;40232;20;7;50000;4301;01.01.70;EUR;2000;201200147
40233;40233;24;7;50001;4301;01.01.70;EUR;2000;201200138
40234;40234;54;7;50001;4301;01.01.70;EUR;2000;201200139
40235;40235;27.5;7;50000;4301;01.01.70;EUR;2000;201200153
40236;40236;27;7;50003;4301;01.01.70;EUR;2000;201200141
40237;40237;19.75;7;50000;4301;01.01.70;EUR;2000;201200155
40238;40238;15;7;50000;4301;01.01.70;EUR;2000;201200166
40239;40239;30;7;50003;4301;01.01.70;EUR;2000;201200145
40240;40240;49;7;50003;4301;01.01.70;EUR;2000;201200247
40241;40241;87;19;50003;4401;01.01.70;EUR;2000;201200148
40243;40243;131.7;7;50003;4301;01.01.70;EUR;2000;201200149
40246;40246;25;7;50003;4301;01.01.70;EUR;2000;201200150
40247;40247;25.5;7;50000;4301;01.01.70;EUR;2000;201200164
40249;40249;69.95;7;50001;4301;01.01.70;EUR;2000;201200152
40251;40251;60.75;7;50000;4301;01.01.70;EUR;2000;201200163
40252;40252;51.8;7;50003;4301;01.01.70;EUR;2000;201200154
40253;40253;44.4;7;50000;4301;01.01.70;EUR;2000;201200207
40254;40254;12.5;19;50000;4401;01.01.70;EUR;2000;201200327
40254;40254;16;7;50000;4301;01.01.70;EUR;2000;201200327
40255;40255;9;7;50003;4301;01.01.70;EUR;2000;201200165
40256;40256;23.75;7;50003;4301;01.01.70;EUR;2000;201200167
40257;40257;86.5;7;50000;4301;01.01.70;EUR;2000;201200172
40258;40258;41.5;7;50003;4301;01.01.70;EUR;2000;201200168
40259;40259;11;7;50001;4301;01.01.70;EUR;2000;201200169
40260;40260;69;7;50003;4301;01.01.70;EUR;2000;201200170
40262;40262;6;7;50000;4301;01.01.70;EUR;2000;201200177
40263;40263;37.9;7;50003;4301;01.01.70;EUR;2000;201200171
40264;40264;44.85;7;50003;4301;01.01.70;EUR;2000;201200173
40266;40266;34;7;50001;4301;01.01.70;EUR;2000;201200175
40267;40267;13;19;50000;4401;01.01.70;EUR;2000;201200204
40267;40267;5.5;7;50000;4301;01.01.70;EUR;2000;201200204
40268;40268;32.2;7;50000;4301;01.01.70;EUR;2000;201200223
40269;40269;40.6;7;50000;4301;01.01.70;EUR;2000;201200240
40270;40270;55.5;7;50001;4301;01.01.70;EUR;2000;201200176
40272;40272;72.05;7;50000;4301;01.01.70;EUR;2000;201200224
40273;40273;31;7;50001;4301;01.01.70;EUR;2000;201200178
40274;40274;71.5;7;50001;4301;01.01.70;EUR;2000;201200179
40275;40275;11;7;50000;4301;01.01.70;EUR;2000;201200245
40276;40276;21;7;50003;4301;01.01.70;EUR;2000;201200180
40277;40277;6;7;50000;4301;01.01.70;EUR;2000;201200243
40278;40278;11.5;7;50000;4301;01.01.70;EUR;2000;201200198
40279;40279;25;7;50000;4301;01.01.70;EUR;2000;201200290
40280;40280;19.25;7;50001;4301;01.01.70;EUR;2000;201200181
40281;40281;26.5;7;50000;4301;01.01.70;EUR;2000;201200217
40282;40282;19.2;7;50003;4301;01.01.70;EUR;2000;201200182
40283;40283;18.3;19;50001;4401;01.01.70;EUR;2000;201200183
40283;40283;32.25;7;50001;4301;01.01.70;EUR;2000;201200183
40284;40284;15;7;50000;4301;01.01.70;EUR;2000;201200200
40285;40285;12;7;50000;4301;01.01.70;EUR;2000;201200219
40286;40286;49.5;7;50001;4301;01.01.70;EUR;2000;201200184
40287;40287;3.5;7;50000;4301;01.01.70;EUR;2000;201200232
40289;40289;25;7;50000;4301;01.01.70;EUR;2000;201200235
40290;40290;50.5;7;50000;4301;01.01.70;EUR;2000;201200320
40291;40291;14.5;7;50003;4301;01.01.70;EUR;2000;201200185
40292;40292;4.8;19;50000;4401;01.01.70;EUR;2000;201200231
40292;40292;23.75;7;50000;4301;01.01.70;EUR;2000;201200231
40293;40293;22;7;50000;4301;01.01.70;EUR;2000;201200197
40294;40294;26.5;7;50001;4301;01.01.70;EUR;2000;201200186
40295;40295;34.65;7;50000;4301;01.01.70;EUR;2000;201200253
40296;40296;85;7;50001;4301;01.01.70;EUR;2000;201200187
40297;40297;3;7;50000;4301;01.01.70;EUR;2000;201200201
40298;40298;17.75;7;50000;4301;01.01.70;EUR;2000;201200220
40299;40299;34.6;7;50000;4301;01.01.70;EUR;2000;201200222
40300;40300;30;7;50003;4301;01.01.70;EUR;2000;201200188
40301;40301;31;7;50003;4301;01.01.70;EUR;2000;201200189
40302;40302;21;7;50000;4301;01.01.70;EUR;2000;201200221
40303;40303;16.85;7;50001;4301;01.01.70;EUR;2000;201200190
40305;40305;21;7;50003;4301;01.01.70;EUR;2000;201200192
40306;40306;18;7;50000;4301;01.01.70;EUR;2000;201200230
40307;40307;30;7;50001;4301;01.01.70;EUR;2000;201200193
40308;40308;12;7;50000;4301;01.01.70;EUR;2000;201200208
40310;40310;33;7;50003;4301;01.01.70;EUR;2000;201200194
40311;40311;14.35;7;50003;4301;01.01.70;EUR;2000;201200195
40312;40312;42.85;7;50001;4301;01.01.70;EUR;2000;201200196
40313;40313;23.5;7;50000;4301;01.01.70;EUR;2000;201200218
40315;40315;41.5;19;50000;4401;01.01.70;EUR;2000;201200276
40316;40316;3.5;7;50003;4301;01.01.70;EUR;2000;201200202
40317;40317;23.85;7;50003;4301;01.01.70;EUR;2000;201200203
40318;40318;18.5;7;50000;4301;01.01.70;EUR;2000;201200283
40320;40320;18.5;7;50003;4301;01.01.70;EUR;2000;201200205
40322;40322;39.85;7;50003;4301;01.01.70;EUR;2000;201200206
40323;40323;30.25;7;50003;4301;01.01.70;EUR;2000;201200209
40324;40324;25.5;7;50000;4301;01.01.70;EUR;2000;201200210
40325;40325;6.5;7;50001;4301;01.01.70;EUR;2000;201200211
40326;40326;27;7;50000;4301;01.01.70;EUR;2000;201200244
40336;40336;35.05;7;50000;4301;01.01.70;EUR;2000;201200212
40337;40337;66.25;7;50003;4301;01.01.70;EUR;2000;201200213
40338;40338;11;7;50001;4301;01.01.70;EUR;2000;201200214
40339;40339;46.55;7;50000;4301;01.01.70;EUR;2000;201200289
40340;40340;6.5;19;50001;4401;01.01.70;EUR;2000;201200215
40340;40340;55.35;7;50001;4301;01.01.70;EUR;2000;201200215
40341;40341;24;7;50003;4301;01.01.70;EUR;2000;201200216
40343;40343;20.25;7;50000;4301;01.01.70;EUR;2000;201200233
40344;40344;56.95;7;50000;4301;01.01.70;EUR;2000;201200234
40345;40345;15;7;50001;4301;01.01.70;EUR;2000;201200225
40346;40346;25;7;50001;4301;01.01.70;EUR;2000;201200226
40348;40348;56.4;7;50000;4301;01.01.70;EUR;2000;201200241
40351;40351;55;7;50003;4301;01.01.70;EUR;2000;201200228
40352;40352;8;19;50001;4401;01.01.70;EUR;2000;201200229
40352;40352;40;7;50001;4301;01.01.70;EUR;2000;201200229
40355;40355;24.5;19;50001;4401;01.01.70;EUR;2000;201200236
40355;40355;25;7;50001;4301;01.01.70;EUR;2000;201200236
40356;40356;9;7;50001;4301;01.01.70;EUR;2000;201200237
40357;40357;9.6;19;50000;4401;01.01.70;EUR;2000;201200246
40357;40357;31.35;7;50000;4301;01.01.70;EUR;2000;201200246
40358;40358;36;7;50000;4301;01.01.70;EUR;2000;201200239
40359;40359;14.5;7;50001;4301;01.01.70;EUR;2000;201200238
40360;40360;16;7;50000;4301;01.01.70;EUR;2000;201200310
40361;40361;15;7;50001;4301;01.01.70;EUR;2000;201200242
40363;40363;67.25;7;50000;4301;01.01.70;EUR;2000;201200316
40366;40366;55;7;50003;4301;01.01.70;EUR;2000;201200248
40367;40367;46.7;7;50003;4301;01.01.70;EUR;2000;201200249
40368;40368;12;7;50003;4301;01.01.70;EUR;2000;201200250
40370;40370;28.55;7;50001;4301;01.01.70;EUR;2000;201200251
40371;40371;11.6;7;50000;4301;01.01.70;EUR;2000;201200294
40372;40372;59.05;7;50000;4301;01.01.70;EUR;2000;201200277
40373;40373;46.45;7;50003;4301;01.01.70;EUR;2000;201200252
40374;40374;9;19;50000;4401;01.01.70;EUR;2000;201200298
40374;40374;79.5;7;50000;4301;01.01.70;EUR;2000;201200298
40375;40375;5.5;7;50003;4301;01.01.70;EUR;2000;201200254
40379;40379;8;19;50003;4401;01.01.70;EUR;2000;201200255
40379;40379;61.5;7;50003;4301;01.01.70;EUR;2000;201200255
40381;40381;33.2;7;50000;4301;01.01.70;EUR;2000;201200362
40382;40382;58.85;7;50003;4301;01.01.70;EUR;2000;201200256
40383;40383;81.55;7;50000;4301;01.01.70;EUR;2000;201200314
40384;40384;39.85;7;50003;4301;01.01.70;EUR;2000;201200257
40385;40385;6;7;50000;4301;01.01.70;EUR;2000;201200288
40386;40386;74.05;7;50001;4301;01.01.70;EUR;2000;201200258
40387;40387;40.5;7;50003;4301;01.01.70;EUR;2000;201200259
40390;40390;23.5;7;50000;4301;01.01.70;EUR;2000;201200325
40391;40391;49.45;7;50001;4301;01.01.70;EUR;2000;201200260
40393;40393;30;7;50003;4301;01.01.70;EUR;2000;201200261
40395;40395;57;7;50003;4301;01.01.70;EUR;2000;201200262
40398;40398;29.7;7;50000;4301;01.01.70;EUR;2000;201200353
40400;40400;12;7;50001;4301;01.01.70;EUR;2000;201200263
40401;40401;15;7;50001;4301;01.01.70;EUR;2000;201200264
40404;40404;20;7;50001;4301;01.01.70;EUR;2000;201200265
40406;40406;18;7;50001;4301;01.01.70;EUR;2000;201200267
40408;40408;3.57;19;50001;4401;01.01.70;EUR;2000;201200269
40408;40408;42;7;50001;4301;01.01.70;EUR;2000;201200269
40409;40409;7.5;7;50000;4301;01.01.70;EUR;2000;201200299
40410;40410;31.7;7;50001;4301;01.01.70;EUR;2000;201200271
40412;40412;21;7;50001;4301;01.01.70;EUR;2000;201200272
40416;40416;12.35;7;50000;4301;01.01.70;EUR;2000;201200318
40417;40417;13.5;19;50001;4401;01.01.70;EUR;2000;201200275
40417;40417;32;7;50001;4301;01.01.70;EUR;2000;201200275
40418;40418;3;7;50000;4301;01.01.70;EUR;2000;201200301
40419;40419;47.85;7;50000;4301;01.01.70;EUR;2000;201200297
40420;40420;9;7;50003;4301;01.01.70;EUR;2000;201200279
40426;40426;40;7;50000;4301;01.01.70;EUR;2000;201200343
40428;40428;130.1;7;50000;4301;01.01.70;EUR;2000;201200312
40429;40429;2.5;19;50001;4401;01.01.70;EUR;2000;201200282
40429;40429;53.85;7;50001;4301;01.01.70;EUR;2000;201200282
40430;40430;11;7;50000;4301;01.01.70;EUR;2000;201200351
40436;40436;43.25;7;50001;4301;01.01.70;EUR;2000;201200286
40437;40437;56.2;7;50000;4301;01.01.70;EUR;2000;201200317
40440;40440;104.1;7;50001;4301;01.01.70;EUR;2000;201200287
40445;40445;25;7;50001;4301;01.01.70;EUR;2000;201200295
40446;40446;45.1;7;50001;4301;01.01.70;EUR;2000;201200302
40447;40447;55;7;50000;4301;01.01.70;EUR;2000;201200352
40449;40449;26;7;50001;4301;01.01.70;EUR;2000;201200303
40451;40451;26.5;19;50000;4401;01.01.70;EUR;2000;201200308
40451;40451;25;7;50000;4301;01.01.70;EUR;2000;201200308
40452;40452;187.55;7;50000;4301;01.01.70;EUR;2000;201200378
40453;40453;15;7;50001;4301;01.01.70;EUR;2000;201200304
40454;40454;48;7;50000;4301;01.01.70;EUR;2000;201200307
40459;40459;12;7;50001;4301;01.01.70;EUR;2000;201200305
40460;40460;69;7;50000;4301;01.01.70;EUR;2000;201200324
40462;40462;90.2;7;50003;4301;01.01.70;EUR;2000;201200319
40463;40463;26;7;50000;4301;01.01.70;EUR;2000;201200366
40464;40464;22.5;7;50001;4301;01.01.70;EUR;2000;201200321
40465;40465;21;7;50003;4301;01.01.70;EUR;2000;201200322
40466;40466;19.95;7;50001;4301;01.01.70;EUR;2000;201200323
40467;40467;58.5;7;50000;4301;01.01.70;EUR;2000;201200365
40470;40470;36;7;50000;4301;01.01.70;EUR;2000;201200349
40471;40471;18;7;50001;4301;01.01.70;EUR;2000;201200347
40472;40472;13.2;7;50003;4301;01.01.70;EUR;2000;201200355
40473;40473;32;7;50001;4301;01.01.70;EUR;2000;201200364
40474;40474;19.7;7;50003;4301;01.01.70;EUR;2000;201200354
40477;40477;27.5;7;50001;4301;01.01.70;EUR;2000;201200359
40480;40480;26.35;7;50001;4301;01.01.70;EUR;2000;201200358
40481;40481;30;7;50001;4301;01.01.70;EUR;2000;201200348
40487;40487;3;7;50001;4301;01.01.70;EUR;2000;201200341
40492;40492;20.2;7;50003;4301;01.01.70;EUR;2000;201200346
40511;40511;3;7;50000;4301;01.01.70;EUR;2000;201200333
40514;40514;17.5;7;50001;4301;01.01.70;EUR;2000;201200330
40516;40516;64;7;50000;4301;01.01.70;EUR;2000;201200335
40524;40524;9;7;50001;4301;01.01.70;EUR;2000;201200360
40525;40525;16;19;50001;4401;01.01.70;EUR;2000;201200336
40525;40525;8.95;7;50001;4301;01.01.70;EUR;2000;201200336
40526;40526;58.7;7;50003;4301;01.01.70;EUR;2000;201200329
40531;40531;48.6;7;50001;4301;01.01.70;EUR;2000;201200370
40543;40543;34.95;7;50001;4301;01.01.70;EUR;2000;201200361
40544;40544;19.5;7;50003;4301;01.01.70;EUR;2000;201200357
40546;40546;19.5;7;50000;4301;01.01.70;EUR;2000;201200373
40554;40554;6.5;7;50001;4301;01.01.70;EUR;2000;201200340
40555;40555;46.3;7;50000;4301;01.01.70;EUR;2000;201200374
40556;40556;17.85;7;50000;4301;01.01.70;EUR;2000;201200372
40560;40560;32;7;50003;4301;01.01.70;EUR;2000;201200334
40562;40562;31.9;7;50001;4301;01.01.70;EUR;2000;201200375
40566;40566;17.2;7;50001;4301;01.01.70;EUR;2000;201200356
40573;40573;5.6;7;50001;4301;01.01.70;EUR;2000;201200345
40575;40575;90.4;7;50000;4301;01.01.70;EUR;2000;201200379
40576;40576;6.5;19;50003;4401;01.01.70;EUR;2000;201200376
40576;40576;33.3;7;50003;4301;01.01.70;EUR;2000;201200376
40577;40577;5.5;7;50003;4301;01.01.70;EUR;2000;201200363
40578;40578;14.85;7;50001;4301;01.01.70;EUR;2000;201200377
40584;40584;74;19;50001;4401;01.01.70;EUR;2000;0
40587;40587;6;7;50001;4301;01.01.70;EUR;2000;201200344
40588;40588;14.5;7;50001;4301;01.01.70;EUR;2000;201200371
40612;40612;8;19;50001;4401;01.01.70;EUR;2000;201200369
40612;40612;78.35;7;50001;4301;01.01.70;EUR;2000;201200369
40638;40638;32.2;7;50003;4301;01.01.70;EUR;2000;201200350
40648;40648;28.6;7;50001;4301;01.01.70;EUR;2000;201200368
40000;40000;129.7;7;50003;4301;01.01.70;EUR;2000;200700001
40422;40422;36;7;50000;4301;01.01.70;EUR;2000;0
40423;40423;24;7;50000;4301;01.01.70;EUR;2000;0
40424;40424;12;7;50000;4301;01.01.70;EUR;2000;0
